441.34
146.91
447.35
139.86
448.98
130.93
449.51
205.09
200.71
277.64
169.61
125.27
235.84
414.19
242.98
444.86
423.3
347.89
431.98
417.04
325.46
118.01
194.0
233.72
424.25
199.61
209.96
253.08
183.0
422.27
300.94
315.32
309.14
189.22
240.24
246.04
319.6
124.9
405.61
311.97
121.62
194.68
246.44
358.11
116.75
120.93
437.24
175.52
351.52
273.76
420.22
374.94
155.71
427.7
373.44
331.17
438.11
302.46
115.9
422.28
122.86
257.11
268.43
169.63
425.9
367.15
283.87
415.12
437.75
437.49
274.07
336.41
127.01
446.84
245.98
393.63
142.15
331.26
320.35
226.34
249.24
250.12
248.98
147.15
340.16
430.14
183.99
262.81
168.97
275.85
190.59
283.15
390.51
168.53
300.5
347.56
334.49
210.68
360.55
306.52
1112.33
1607.37
1266.68
1802.73
1614.46
969.66
1445.18
1590.79
1212.19
1434.13
1168.73
1599.78
1767.53
1617.63
1824.02
1528.42
1146.3
1160.01
1558.69
1185.32
1755.37
1669.85
1307.9
1588.44
1202.46
1697.99
1066.13
1206.31
951.81
1121.61
1524.54
1392.17
1451.88
1185.39
1443.89
1032.99
1433.08
1706.03
1524.94
1223.24
1182.05
1415.74
1527.28
1080.61
1362.7
1700.36
1745.03
1648.86
1213.01
1508.75
1200.2
1622.66
1455.28
1549.39
559.87
1349.63
1620.32
1517.92
1065.15
1157.35
1624.35
896.73
1525.01
1320.56
1536.26
1693.48
1033.16
1050.28
1756.2
733.19
991.6
1260.73
1266.64
1276.0
1355.22
1704.62
1633.81
1085.78
973.84
1205.75
1590.41
1359.64
1381.85
1776.45
1392.89
1352.71
1233.6
1217.91
1301.53
1549.41
1641.13
1604.56
1281.85
933.16
860.17
1536.27
1345.28
923.38
944.0
1318.29
1966.64
1541.74
1732.58
1050.94
1276.5
1874.94
1272.88
961.15
1172.89
1745.97
1363.3
1583.86
1385.27
1289.99
1921.66
1550.2
1706.43
1461.1
1707.1
1727.16
1197.92
1510.71
2062.48
1966.72
1858.11
1119.64
1399.75
1076.12
1350.72
1554.58
679.25
1364.89
1161.92
1746.86
1053.58
1962.31
1223.78
1503.12
1560.3
1458.65
1317.84
1251.82
951.9
1435.25
1629.58
1677.12
1589.22
1827.26
1556.11
1845.38
1496.85
1331.92
1733.28
1566.28
2001.99
1099.11
1313.32
933.84
1672.55
1486.66
1596.83
1824.03
1722.46
1406.51
1769.19
1792.67
1779.1
1314.23
1573.11
1957.15
1609.44
1731.03
1353.99
1158.21
933.3
1254.81
1751.98
1444.81
1403.59
1066.3
1778.32
1199.92
1714.08
2070.98
1496.3
1931.85
2022.67
1203.58
1674.19
1164.47
1979.27
1668.89
1762.77
2035.57
1183.31
1370.59
1208.5
1939.65
1574.87
1975.33
1416.98
1021.43
1231.69
1031.01
1190.33
1131.88
1059.98
1347.74
1296.18
1324.16
1232.78
1176.68
1267.19
1292.74
1285.1
836.53
1396.72
850.59
1229.7
1117.77
1483.11
1162.73
965.57
1273.68
1351.01
1235.87
1684.37
1357.58
1159.07
1188.74
660.2
806.98
866.01
1723.65
1483.89
935.16
907.72
749.19
1352.96
1443.52
800.51
1149.71
1462.57
1394.14
907.06
1262.62
1471.96
738.08
1116.46
1580.93
1428.35
1288.47
865.08
1575.81
790.36
878.25
1256.95
1385.33
750.38
829.62
896.95
1216.82
1550.67
1327.78
686.98
1717.03
1808.95
1099.32
866.02
1256.99
1035.54
1185.04
1397.55
1237.09
1543.32
1195.48
1267.51
776.31
949.28
1312.94
885.2
1393.45
1212.22
690.19
1447.27
1098.76
1716.17
594.86
1127.09
1675.73
861.59
1365.05
997.03
1206.42
1466.64
1239.34
1277.96
1092.69
1160.6
1397.24
1218.72
881.27
948.66
1274.88
1094.57
824.71
1215.82
954.44
510.01
1306.12
869.73
1293.13
946.25
944.58
827.42
642.92
1539.55
640.27
1442.27
580.49
1499.15
814.75
796.88
844.5
796.15
947.85
1334.36
1016.88
526.7
1422.05
561.15
958.0
1156.89
1251.23
761.62
1707.56
813.55
1182.66
851.75
1212.14
1028.88
1099.72
744.66
841.1
599.84
1135.01
635.72
1354.18
1468.15
815.42
447.5
452.27
528.7
872.16
1291.35
891.25
1171.69
1087.94
688.05
856.21
1234.95
1116.46
1052.21
992.64
1543.99
750.1
1284.68
1266.92
1332.2
457.26
954.6
1097.38
1336.94
1158.06
1034.68
1251.3
1239.08
1479.73
1352.87
664.79
767.36
974.37
451.02
496.62
1155.31
890.74
1543.22
1152.24
908.34
1565.26
708.5
647.24
716.39
1064.79
584.53
467.96
1221.78
1043.15
1189.91
1131.05
1169.26
1127.45
801.89
401.0
1185.99
395.7
1254.45
744.91
1122.89
706.34
1055.29
876.57
776.07
662.44
433.15
1079.68
1000.44
1467.9
1079.12
704.94
1362.83
1173.55
1423.61
663.55
798.15
662.82
756.89
898.14
1361.41
513.62
785.66
1198.06
928.47
852.67
478.79
902.93
1556.84
494.15
1336.15
742.91
953.27
1156.2
1000.43
353.6
697.93
648.66
1360.36
1402.72
660.93
1227.26
1151.73
1101.74
1039.78
1145.37
1266.8
852.89
740.61
884.69
1126.54
1065.27
844.26
589.12
1044.42
727.73
1104.77
716.26
1149.64
946.77
1023.76
1304.27
987.0
634.6
980.31
1236.49
1185.73
722.33
1164.65
737.22
1265.18
653.25
682.12
1104.08
965.38
638.95
806.22
1180.04
1299.75
1099.05
1367.91
1246.78
1235.19
1053.95
1179.49
1275.91
763.88
1110.92
603.45
1223.38
1243.26
1305.43
1155.7
884.22
1268.73
562.41
928.35
1085.84
958.43
612.22
1199.78
1194.36
997.43
1181.22
1212.97
1197.05
1090.37
958.63
1350.88
560.97
1130.91
718.53
1230.28
815.64
1374.79
863.95
881.56
1349.56
1320.77
854.38
1226.51
1298.76
1256.77
764.53
780.88
1150.43
1001.23
712.32
1217.71
1405.33
758.99
1254.24
860.33
1125.69
773.78
1076.65
1116.63
1406.43
698.1
1220.22
1472.01
882.01
1509.0
1629.79
1739.28
1526.24
1850.12
1893.52
1634.33
1940.75
1640.6
1908.72
1837.66
1835.51
1715.09
1987.96
1885.49
1776.68
1744.43
1639.57
1724.23
1165.74
1085.88
1679.55
1573.1
1892.95
1618.47
1898.69
1610.13
1706.93
1682.07
1752.07
1828.17
1591.84
1844.11
1926.34
1681.11
1875.17
1672.63
1813.55
2057.98
1671.7
1614.32
1801.49
1878.52
1583.56
1651.86
1926.01
1813.88
1876.03
1839.7
1775.68
1713.95
1834.92
1659.36
1761.3
1853.12
1938.4
1831.57
1607.71
1741.39
1644.4
1900.81
1853.18
1928.66
1793.74
1901.88
1974.53
1883.77
1786.87
1941.89
1681.26
1784.31
1626.51
1790.16
1976.18
1925.43
1736.72
1662.59
1699.59
1805.95
1725.41
1818.22
1494.6
1632.0
2027.12
1520.55
1517.56
1915.59
1522.35
1702.88
1698.26
1709.3
1756.92
1803.43
1704.76
1699.12
1675.61
1944.42
1620.26
1629.13
1828.52
1142.03
846.88
1021.09
1990.27
1301.1
908.67
1254.4
1457.14
805.11
1347.67
1951.97
1771.59
1940.41
1897.73
1638.61
2168.54
1665.83
1562.98
1747.47
1533.54
1160.11
1865.51
1706.72
1679.52
1682.85
1179.7
1489.55
854.69
1883.17
1575.8
1717.94
1212.12
1861.22
817.27
1507.72
2100.64
626.34
1797.16
1360.55
476.5
1916.05
1819.35
1406.82
762.34
1270.99
1741.24
1857.19
964.37
1448.79
1341.04
1317.06
1143.09
1347.02
1883.8
1390.34
1158.35
1489.81
2027.46
1318.55
1983.82
1322.01
1201.32
714.46
196.87
1781.44
1144.0
1323.25
2313.32
1157.3
832.88
1748.4
1084.67
1308.56
545.22
1399.52
1589.22
1569.73
1707.11
874.02
1385.24
1120.66
1165.36
1238.19
1543.16
701.71
1864.56
1147.31
1682.93
1357.87
1726.15
1992.41
1213.22
1576.71
1333.45
1476.11
1775.97
1761.88
1154.49
818.16
1485.65
1516.29
1631.99
1496.38
1609.5
1808.32
1982.93
1690.82
1810.93
1411.56
1876.07
1475.06
1004.12
957.09
1337.41
1517.7
1545.81
1752.03
1412.38
1593.29
1801.17
1357.05
1700.23
1576.77
1276.06
1049.78
1878.4
1002.15
1821.82
1518.17
1702.4
659.17
1730.54
1424.8
822.29
829.42
1217.04
1365.73
987.49
1691.65
1037.26
964.2
1288.49
954.18
1698.93
1080.39
2288.37
1872.22
1549.42
1102.97
1412.08
1620.3
1450.35
1973.65
1889.63
1508.42
966.0
1413.67
899.62
1353.49
1796.85
1673.4
714.56
746.75
1107.65
1691.61
1308.2
965.38
1814.42
1530.98
1804.79
1787.37
2229.75
1101.76
1929.2
1260.41
1130.11
1764.24
2309.2
1451.01
1503.36
1270.6
1939.19
1834.12
1331.12
1587.76
1228.45
689.62
852.76
1008.58
1685.5
2013.2
1887.07
1638.77
1137.89
1077.07
1278.61
1648.05
1874.2
1178.74
1741.21
1531.54
1058.24
2002.96
1300.99
1456.9
1955.0
1192.45
1603.68
1220.91
2013.43
1525.62
1692.24
2076.09
1586.1
1764.87
1886.2
1818.2
2194.74
1862.7
1351.06
1378.14
2337.16
1904.55
1900.57
1183.47
1472.3
1305.18
791.31
1372.65
1795.58
899.97
1348.03
1505.49
1774.61
2049.33
1500.64
1861.25
2173.34
2085.53
1774.28
1649.95
1485.48
1861.49
1570.51
1965.24
1603.22
1122.87
1770.08
1806.22
1766.26
816.73
948.62
2049.96
1467.87
1549.15
2655.43
1425.86
2091.24
1496.34
2354.22
1180.99
1958.87
804.77
1502.18
1603.03
1766.8
1134.71
1337.12
1242.2
1883.79
2024.07
768.67
1531.22
1835.69
832.66
1435.83
1587.21
1793.52
1977.13
1457.64
1031.83
1127.3
992.83
1371.61
1236.67
964.77
1734.3
1046.96
1156.77
1617.32
1169.73
1306.33
1675.37
1306.51
1517.78
1292.07
615.38
1458.26
1236.45
1679.94
905.5
1397.09
1118.38
2295.75
1508.22
1417.25
1712.56
1481.58
1117.35
1878.7
1472.17
1199.03
989.86
1597.37
1307.98
1106.39
1571.07
1723.13
1564.05
1766.52
1217.61
1721.91
1061.88
1437.87
1090.16
1643.48
1227.81
1402.71
1553.88
1426.37
1271.08
1512.38
1483.34
1392.86
1403.04
746.07
1269.79
2077.75
1500.16
1187.2
1885.02
1430.26
1142.68
1648.58
1460.32
1311.11
561.37
1106.62
1675.97
1811.17
1041.52
1445.31
1994.86
1203.98
1870.59
1669.29
1469.28
1177.97
904.69
1554.84
1800.31
1759.66
1599.47
1865.32
1296.12
1667.6
1722.89
809.45
1621.25
1595.95
1381.22
1459.31
1943.31
1025.15
1755.76
1406.4
1811.97
1736.25
1616.53
1499.98
1315.79
1784.36
1594.37
1149.95
1093.56
1010.47
1628.18
1367.74
1774.36
1851.41
1482.82
1326.08
1134.08
1461.47
1386.55
1500.5
1539.94
1724.48
1915.93
1111.93
1484.57
1420.28
339.31
2480.78
1482.35
1456.19
1730.18
1627.32
1993.74
1275.9
672.2
1349.98
774.64
1714.5
1849.18
1809.32
580.69
1463.03
1870.98
1325.91
1696.56
1322.23
1475.29
1632.59
1189.81
1473.53
1334.45
1545.84
1961.14
1801.58
582.52
1533.75
981.78
1507.36
1814.38
1531.95
1259.77
1428.46
1477.73
1045.4
1415.82
809.82
1487.53
1502.58
1500.68
2081.14
1508.17
1213.96
1293.87
1284.54
1913.47
1379.1
1665.41
1880.03
952.75
970.32
1423.8
1020.83
1904.58
1054.93
1948.19
708.7
1576.04
1214.7
1793.21
1420.55
540.08
786.07
2009.47
732.9
1322.8
1768.62
1412.17
1828.97
1367.77
1820.93
1309.93
1537.54
779.44
1669.95
1255.2
1296.06
1537.28
1741.55
1456.07
651.57
963.35
1096.51
1299.55
1164.33
751.88
1316.62
991.46
1514.44
1267.5
1345.83
1867.09
2165.03
1971.99
1386.01
1992.09
1992.27
1153.0
1048.73
990.42
1299.56
1556.1
1321.0
1638.9
1822.28
1549.17
699.29
1478.05
1332.69
1710.88
1949.05
2164.22
1299.51
1468.74
1260.68
1608.95
993.23
1152.39
1371.86
1379.93
1566.16
1988.01
933.37
1313.75
1589.29
881.94
1441.42
1251.17
880.06
1895.24
1414.91
1930.29
930.37
546.17
1368.1
1210.66
2266.89
1854.39
1970.42
1290.95
1852.27
1392.44
1447.17
1093.44
1233.22
1731.99
1478.93
1546.84
1145.52
1404.71
1846.64
2007.54
1832.31
1274.16
904.27
1251.43
1140.48
1551.41
918.0
1579.78
1523.27
972.66
1351.16
1568.42
1128.03
1273.26
965.95
1129.66
1317.15
705.34
1452.34
1254.27
1196.08
1320.14
902.89
1466.67
1115.62
1580.34
1337.51
1376.52
1088.73
1569.55
1084.51
1862.96
1012.34
692.2
1173.45
1224.79
1450.19
1245.97
1495.05
1474.51
1414.66
1085.99
1873.4
1124.42
1593.48
862.05
1711.4
2328.03
2009.98
1485.82
1149.43
730.36
1551.95
1510.3
1139.76
1199.16
1460.57
1665.24
1770.2
1307.32
1490.91
1174.17
2113.95
2005.12
2070.67
1487.9
1509.35
1608.56
1449.55
1326.84
973.87
1712.76
1665.83
1827.47
1473.14
1214.59
1916.41
1596.6
1389.24
2122.74
1379.21
1425.11
664.67
1465.59
2060.18
1458.45
1702.42
2342.01
1801.64
1459.76
2172.76
1457.76
1418.22
1183.92
1688.57
1442.78
1890.88
885.58
842.06
1879.76
1061.56
1440.7
475.05
1312.63
1001.02
1391.34
1989.71
1247.59
1582.75
1834.25
1748.03
1135.35
1939.94
1794.36
1181.62
1347.57
1650.75
1427.17
1702.28
1864.01
1391.29
889.45
1389.97
1671.01
1441.52
1261.99
1432.03
1614.47
886.13
1585.44
1334.96
1257.41
1715.43
974.32
1892.97
1420.19
1830.7
979.38
1722.56
1382.71
1991.03
1303.64
1114.38
1774.89
1546.99
1078.08
1072.14
1412.41
1759.8
1372.05
1546.54
1320.54
537.48
1441.97
1149.37
1216.88
1339.17
1896.44
1238.77
1456.48
1592.78
1189.67
872.26
1530.79
1168.49
1407.12
1191.36
1350.47
1236.85
1299.37
1642.13
1580.12
1502.36
1952.75
1506.37
1122.12
1160.53
1606.61
1729.7
1579.83
1251.43
1351.0
762.87
1978.05
1235.48
1054.34
1402.49
2094.74
1600.21
1944.15
1296.42
1502.42
837.34
1425.99
2184.51
892.44
2099.39
1467.13
1751.57
975.57
950.57
1567.88
1277.77
1831.5
1222.64
1999.09
1457.74
1490.71
1470.97
896.35
1127.32
1896.92
1713.93
609.99
1232.13
767.67
1262.61
928.44
1428.41
1734.15
1116.29
1539.57
875.29
1278.9
795.96
1464.03
1064.09
1300.71
1091.11
2176.74
1505.67
298.68
1436.66
1097.55
697.36
1385.98
1452.33
1138.76
1985.58
1917.75
1847.89
1058.23
519.0
1137.15
1520.77
1596.66
1245.93
879.9
1764.31
450.68
588.38
1980.2
1493.18
1018.05
897.71
1277.51
1311.11
1256.17
1463.63
2104.39
519.46
1103.65
829.68
1315.74
1408.75
1750.62
1502.83
1704.8
1910.07
1155.45
1820.34
1030.21
1439.44
1152.56
1485.55
1716.02
924.6
1359.08
1417.84
1743.02
1957.5
1659.27
1545.81
1138.48
1052.42
1220.94
1638.59
886.97
1017.11
1406.68
1266.18
1786.26
2539.72
1799.44
1856.12
571.34
1321.35
1311.29
2519.05
1307.99
1092.44
1695.05
1220.96
1952.78
1634.14
1910.65
1905.33
1549.0
1135.56
2292.4
1771.13
851.4
1404.14
946.57
1408.38
1595.93
1113.1
1231.09
1537.94
1307.61
1797.81
1723.68
866.9
1354.51
1590.71
1055.35
1464.3
1588.42
1257.05
707.69
1175.73
1109.78
1498.75
1566.73
1227.33
1593.64
1556.38
875.71
1340.74
1444.09
1611.06
1675.85
1158.59
1853.66
1625.44
1931.88
2126.53
1935.23
1589.32
1283.18
1538.96
1252.32
1371.37
1688.2
1015.57
874.26
1677.15
1900.35
1820.49
1674.5
1285.47
1248.2
1188.79
1014.14
1788.38
1063.61
413.14
1287.6
926.41
1271.81
1025.22
978.43
944.5
848.0
1591.89
1418.22
572.98
1521.22
1674.84
901.14
1932.92
2167.47
1528.43
1428.8
495.01
1194.19
1558.18
1213.89
1695.22
1675.09
956.47
1978.74
1381.42
1448.81
763.8
2204.76
1185.59
1915.62
1301.03
1271.12
1360.86
1469.53
805.62
1083.64
613.97
1557.0
1992.06
1843.19
815.77
1702.13
943.92
1277.4
1357.12
1199.48
1598.72
1220.46
1289.86
1515.42
1077.62
727.98
1280.07
2002.33
1659.41
1247.27
1796.82
2168.65
1772.74
1400.84
1525.45
1646.96
944.77
1506.04
1297.03
1401.25
1692.76
1467.46
1535.01
1626.08
1501.4
1714.33
1644.76
1531.09
1330.97
989.73
1865.97
1863.21
776.61
1767.18
1183.75
978.81
1657.22
1356.36
1770.42
1422.67
1087.74
1293.77
1134.63
1695.99
1419.76
2528.04
643.23
1168.67
1678.21
1432.38
1500.27
1688.53
2038.65
1501.91
1222.45
1052.03
2182.21
1603.58
685.75
1858.94
733.98
1036.78
1713.91
1067.23
1332.77
775.31
1685.01
1575.15
2024.39
2237.88
1353.5
1620.52
1496.65
2286.68
1550.45
1072.78
909.08
1004.26
1683.43
1094.15
1764.92
1511.52
1111.15
2216.85
1421.77
1621.8
1593.77
1130.21
1611.31
1488.03
1997.64
616.65
1060.71
1319.25
1534.28
1645.06
1863.7
1275.02
2003.12
1617.2
1410.63
1486.21
1662.86
1580.07
1867.22
1018.56
1426.79
1048.3
1803.5
1425.53
1952.81
833.01
1372.1
987.43
990.8
1090.33
1429.12
547.9
1296.36
1280.91
1321.97
1021.52
916.44
838.53
1610.56
767.25
956.92
1786.88
2124.78
1619.89
1830.6
1731.52
2260.97
1576.82
1635.65
1646.21
1214.82
1835.62
1790.3
1315.23
927.7
1126.33
1311.86
1455.88
587.13
1814.27
1758.36
1968.43
1168.11
1529.87
1085.31
1404.46
1951.39
1208.51
1212.22
1790.03
950.21
1051.74
1225.84
1714.55
982.89
1307.15
1655.15
1749.65
2031.64
1465.03
1329.25
1641.2
1576.05
2033.34
1692.97
2033.33
1872.03
1266.0
1994.27
1565.25
1461.93
1622.07
1600.14
1559.39
1417.55
942.11
842.65
1785.85
1634.82
966.04
889.49
1178.81
1429.14
1274.19
731.36
828.0
1313.03
2183.44
1573.18
1168.1
1947.11
2194.67
1916.15
1267.21
1500.7
1003.8
1031.16
1300.31
1711.04
882.19
1586.8
837.32
1392.49
2064.28
1435.3
1689.35
1405.83
1372.69
1385.58
702.24
1110.98
1339.59
1583.78
1510.39
1706.88
999.21
1187.28
1713.3
233.07
1078.34
1850.66
1538.41
1182.56
1200.44
1904.3
843.05
725.43
1723.3
1841.12
943.0
1773.15
2093.1
1032.61
1683.6
1540.96
1651.78
1832.95
1355.29
1637.98
2340.03
659.25
1447.2
1356.84
1662.82
1420.11
1013.4
1436.85
1528.91
1454.67
1005.49
1223.62
2126.27
1548.23
1023.87
1555.98
1399.48
1391.95
1905.48
1790.51
716.6
314.06
1056.64
1518.19
1399.26
1964.53
1538.38
1626.89
1828.32
1840.35
1887.13
813.28
2152.5
1633.02
1249.42
1690.76
2179.59
1079.53
2035.47
1608.47
1331.16
1155.62
1114.62
1412.87
1844.55
1474.76
1157.93
1728.9
410.12
1859.89
1219.43
1519.78
537.08
1205.63
2076.09
1447.79
1503.53
1024.57
1970.52
1302.19
977.59
1764.7
1405.87
1079.9
909.79
1064.87
1857.4
1924.84
1083.97
758.45
1348.99
828.61
1210.93
1649.01
1258.14
1507.37
1239.72
1480.02
1449.49
1854.68
1006.65
1629.74
2092.51
1623.88
578.48
2057.78
1557.05
1969.11
1768.23
1079.2
1089.44
717.8
1666.21
1683.52
921.23
1348.71
1812.24
698.3
1184.5
1203.45
1787.74
1795.92
1947.83
1302.44
1435.01
1319.84
1287.83
1908.95
974.81
1803.59
1297.45
1200.53
753.52
1731.96
1602.81
1966.76
1808.31
1019.59
1632.76
1051.0
2193.73
1478.59
1628.97
1826.64
819.43
916.11
1077.44
955.13
1168.18
1264.94
2033.27
1171.55
1466.81
1287.9
1314.75
1404.7
1766.3
1761.2
1378.52
1769.2
1371.11
2049.26
1203.89
973.54
1436.87
1975.45
1824.47
1023.04
1899.58
1625.32
1656.78
1476.88
1620.09
1637.05
1408.16
1550.53
1329.31
2151.78
1203.96
1262.97
1104.69
1668.86
1604.23
587.24
1525.16
2084.23
2051.41
1209.86
1075.38
874.95
1316.62
1731.26
1116.29
1632.49
1635.35
1234.0
1244.26
1370.81
1457.82
1919.14
1211.12
418.11
1174.77
1827.97
1971.6
1440.23
1503.41
2302.88
1222.18
1344.09
1575.88
1856.59
1340.51
1290.89
1282.32
1404.9
1140.32
1786.2
1206.81
1158.03
1136.86
792.85
1598.9
1037.28
1666.63
1157.28
1303.53
1332.14
1688.69
1150.21
1228.87
1737.07
811.47
1836.53
1292.24
908.63
1507.44
1041.3
1721.18
1755.31
1055.17
1694.76
2296.98
1849.48
886.94
571.47
947.51
1317.65
1501.47
842.93
1964.71
1696.34
1268.01
1473.36
1262.39
826.1
1883.74
851.82
206.56
1107.64
1662.92
1679.44
1540.87
1727.25
943.19
2020.64
1696.05
1510.78
1370.22
1839.6
1209.87
1755.98
1755.68
1895.23
1344.76
1525.01
1348.38
1769.76
1347.49
1322.65
1408.55
974.59
2073.39
1454.91
1435.75
2234.57
931.93
1970.52
195.35
1990.32
1094.41
1553.11
1618.78
878.11
2019.13
2351.19
1505.72
1326.79
771.41
1702.46
1790.62
1352.59
1093.32
1972.36
1146.89
1692.05
1426.03
1361.52
329.54
2234.14
561.59
350.09
1296.0
961.36
2064.35
1537.05
1486.64
2191.08
1578.29
1272.74
1387.85
1281.58
984.42
1971.42
971.08
1512.84
1379.18
1409.87
1512.26
1758.95
1635.2
738.81
1524.89
1782.0
2045.98
1168.0
837.92
1441.41
1070.04
1058.58
1341.54
1611.51
1323.44
1881.49
1091.05
1639.51
773.97
2051.2
2054.64
1643.87
1265.08
1271.09
819.78
2297.18
1509.05
1074.6
1479.94
947.52
1043.38
741.58
1320.49
498.95
2030.14
2013.39
1671.63
1742.98
1214.77
726.17
1573.8
1994.88
1120.59
592.31
1499.22
1611.3
844.43
1271.63
899.44
988.27
1593.68
2040.62
1002.17
736.34
1086.72
1996.28
1288.26
2018.11
2072.09
1007.3
1779.43
2096.36
1236.81
982.46
1084.52
1806.9
1395.86
1394.82
1384.43
1996.05
1827.63
1581.17
1161.73
1689.89
1649.77
1445.04
1680.39
1463.08
927.09
1662.88
1346.51
1418.29
1430.02
1617.19
1429.9
661.46
1467.92
1054.86
969.04
299.07
1719.83
1644.99
1806.42
1227.55
1578.47
2198.16
1904.68
1406.64
1148.48
1501.48
864.45
1729.83
1776.97
1243.34
1759.07
1254.78
1873.93
1874.47
1741.8
760.25
877.09
1323.25
1827.07
1604.59
1561.77
1393.07
1184.39
1181.25
1933.62
1587.28
1986.67
1613.62
1042.85
2195.8
1307.97
1708.47
1076.19
1210.53
1070.88
1148.53
1447.92
1685.92
1707.29
1366.1
1690.43
1351.12
904.9
1249.76
1582.86
1647.41
1530.52
1374.61
1410.9
1140.31
879.22
2013.71
869.67
1999.78
1131.52
1530.63
750.33
1485.97
1017.37
673.99
425.62
1595.97
1202.3
830.98
1273.33
2083.64
1719.59
1310.59
1813.34
1356.53
1349.88
1423.28
1572.64
2141.91
1347.92
749.24
1839.22
1570.16
1493.91
1555.32
2464.02
1223.06
1309.67
1600.02
1190.75
1180.45
1313.36
1283.96
1648.11
1448.92
2229.53
1276.09
1537.11
1682.19
1754.21
1393.21
2033.23
1195.92
1174.77
1181.43
1704.15
1970.34
950.09
1247.04
1239.96
2340.06
1908.82
1034.42
1834.11
1557.52
1460.76
1723.11
1027.46
1060.16
1761.37
521.83
1982.79
2078.64
1999.35
1867.19
1861.68
1476.7
1335.99
1782.74
341.85
1708.83
1215.33
1061.73
1731.74
1715.17
1335.37
1631.49
1712.09
1280.6
1260.56
1496.34
1777.06
1732.9
865.12
1396.84
1358.31
1269.84
761.47
825.11
903.48
1419.89
1034.97
1592.38
979.31
1853.01
1142.0
1931.1
1383.99
2063.68
1325.09
1348.34
1789.33
1994.39
924.34
664.27
1179.97
1682.2
1668.38
1730.79
2010.13
825.83
647.05
2133.99
982.14
1710.6
912.95
1864.46
1385.77
1875.21
1280.9
1346.02
1540.51
1488.59
1965.77
1728.03
1917.07
1211.43
1905.36
1331.36
2014.92
2116.95
1668.58
1227.13
510.26
1993.27
1282.41
749.84
1401.98
1504.78
1496.3
1172.38
1453.18
1225.82
1524.5
1634.83
1772.92
1369.78
1357.86
1500.47
845.84
1448.24
1385.4
2004.57
2176.74
801.43
777.58
1469.99
1858.12
948.53
2116.16
763.63
1204.39
1424.91
943.75
2152.02
1295.84
889.78
1639.36
1694.91
1527.55
948.52
962.37
1467.63
1273.9
1894.87
1262.63
2060.68
1661.14
957.58
2221.61
1712.51
1737.66
1938.83
447.18
1921.04
1393.3
1747.07
632.33
797.4
2152.11
1966.93
1295.4
880.49
1150.12
1734.21
1557.15
1435.14
1469.76
1421.4
1419.49
1666.28
1490.45
1354.8
1117.46
1183.92
834.62
1512.89
2288.66
1576.27
2047.71
2302.81
1993.82
1526.4
1556.78
1025.37
1300.87
1565.35
720.57
1622.01
1335.5
2015.71
1151.46
1868.18
1411.03
1563.8
1555.6
1297.22
1581.04
688.24
771.91
810.26
1367.57
963.88
1714.31
1648.24
2079.57
1607.42
1197.49
1127.99
523.35
1222.83
1567.3
1717.42
1596.66
1050.03
1123.33
1535.34
1171.44
1810.7
1154.46
1077.69
1366.84
1495.11
1853.52
1122.65
1030.23
476.31
948.52
1833.57
1388.34
1751.24
1348.45
1505.79
1474.84
1987.33
1942.23
1495.55
1953.42
1543.42
1404.73
1279.81
1277.29
1523.64
363.52
2209.06
2204.99
1405.11
1284.48
1035.53
1752.29
868.29
1700.06
1428.55
1318.87
941.95
1172.62
1726.0
1544.3
1021.94
1458.19
2036.07
775.19
1522.03
1778.46
1241.19
1131.85
1779.28
1575.26
1140.16
1613.68
1192.51
1002.07
1120.27
2064.89
1110.29
1159.97
2149.05
1416.82
1409.61
1647.42
1757.87
1100.48
1109.58
1598.31
1244.65
1004.7
1237.94
1299.72
611.3
1725.86
513.85
1484.88
1037.67
1951.9
1745.49
1735.79
1296.03
1616.65
565.31
886.07
1621.34
2024.4
1206.95
1449.75
1632.57
1477.99
1170.14
1382.51
1202.88
1614.66
449.92
2291.48
1115.1
1211.32
882.59
864.67
1941.44
1260.33
1339.86
1999.63
1851.3
1423.33
1608.78
1635.88
1012.88
1636.24
1803.04
1458.27
1777.62
1274.69
2149.23
1610.72
1924.53
1117.97
1083.81
1900.8
1999.87
1415.63
975.58
1865.02
1578.34
1604.84
1825.11
1428.61
1422.53
1131.08
1620.05
1278.49
2261.22
1197.63
1614.4
1518.51
1643.48
1965.0
1032.69
1583.16
1372.4
1555.39
1438.45
1255.42
1186.59
1868.83
1329.42
2094.59
1390.08
1150.97
1125.92
976.62
1135.74
2167.88
1334.15
1039.6
1855.55
1405.23
1756.03
2285.25
1775.78
1534.86
1462.75
1339.36
1050.1
664.25
1633.44
2047.39
1878.36
1485.45
2305.96
1654.38
2009.6
1389.16
1092.26
1135.55
1779.76
1681.77
1761.16
1240.2
1332.91
1734.91
810.0
2069.54
1160.73
2124.36
2211.51
1075.14
779.03
1474.57
1697.9
1623.36
1604.72
1191.59
2225.84
1916.2
2063.43
1715.66
1767.88
2292.39
531.02
904.33
1261.74
1269.41
1666.61
1199.45
1756.8
925.49
1191.06
1657.73
1115.56
1676.95
1672.45
1411.36
1089.39
1602.77
1855.36
1156.18
1103.41
2088.78
1405.81
1644.82
1215.57
1465.14
2076.38
1583.06
1442.01
538.42
1134.21
1488.62
877.78
1334.54
1603.67
1483.47
2173.06
2011.47
1674.89
1444.75
1858.44
1285.17
1974.13
1606.75
1962.26
1806.56
1981.23
1788.63
1690.7
1593.01
1420.05
1702.42
1167.57
1311.77
1832.28
1616.7
1807.48
957.61
1412.26
2480.24
1527.45
1718.46
1482.99
1974.42
887.25
1496.48
772.27
1119.17
1917.07
768.58
1569.23
1464.4
2056.56
1854.43
1528.51
1405.95
1277.68
1513.93
2052.06
1900.92
1449.87
1740.18
1470.44
1023.3
1753.59
1323.64
1500.88
1107.07
1412.4
1768.63
2256.73
1854.32
1699.59
1255.37
2090.2
1198.09
1455.34
1317.92
1815.71
1005.04
949.0
1174.32
1785.1
1192.51
1497.98
1374.67
1559.21
1574.61
1669.98
2487.24
1806.88
526.54
1284.35
896.7
1476.91
1983.55
988.25
1669.51
1971.68
911.55
1394.87
2011.7
1832.67
1542.04
1417.09
570.61
1104.32
1299.95
1614.57
1364.67
1493.85
1884.18
1623.16
1416.59
1410.15
707.38
1379.88
2007.36
2014.91
1971.49
2118.7
1666.7
1067.06
1147.53
1675.45
1035.83
1437.42
1540.86
1575.93
918.26
2093.2
2135.24
1037.18
1576.49
1139.15
1034.49
1999.59
1060.69
1814.09
1991.63
1503.58
1067.84
1706.01
983.01
1695.08
1423.45
1362.39
1367.54
1205.21
1484.47
1212.05
1554.67
882.6
1849.36
1114.96
1118.77
1674.34
1385.27
793.18
1067.45
1734.1
939.21
782.1
977.16
487.16
1370.35
1646.08
815.68
1537.6
1698.13
1449.12
1659.21
1922.22
2012.44
852.31
1528.16
2055.66
1271.44
2050.12
1000.05
1466.3
1745.57
1032.56
1467.5
1395.39
1541.5
1833.29
1453.59
1236.28
1702.94
1187.15
880.15
1031.1
1629.89
1075.42
1213.01
1173.73
1342.18
1200.99
1136.5
1024.66
425.08
1444.8
1074.82
962.08
2160.29
1178.58
1840.58
1224.19
1524.83
1889.89
1434.04
949.65
1853.47
1610.55
1682.51
981.24
1244.21
1187.02
1682.82
796.33
1471.21
1671.84
1211.61
2210.82
1161.53
1068.0
1427.8
1525.62
2395.77
1837.23
1319.53
1564.05
1511.3
902.03
1470.7
1188.11
1899.85
803.68
343.57
848.45
1186.58
1392.28
1824.68
1310.38
1229.73
1721.8
856.06
1488.61
1675.09
1637.64
1739.9
2072.22
714.85
1633.28
1105.66
1858.37
1060.16
1326.83
1163.72
1824.23
1109.16
1244.91
2006.71
1512.43
1353.65
1815.1
1796.62
1681.41
2534.61
1573.09
1066.15
1491.95
1854.86
1446.07
1139.4
1472.1
1273.71
1658.65
1465.6
1659.25
2062.57
2038.81
2258.83
1155.15
1485.92
1481.12
1299.02
564.96
1099.58
769.97
2040.37
1397.31
1547.07
1951.09
1138.14
1606.77
1472.08
2098.37
662.67
1326.06
1591.82
1518.73
646.15
906.48
2076.59
1591.61
1659.47
2165.36
1534.29
712.89
1891.52
1286.58
1299.79
1896.91
1147.05
1924.23
1058.85
1624.35
2007.56
1909.41
1589.96
867.84
1750.84
1163.64
2116.76
2203.22
1449.74
1384.41
1655.44
1681.49
1248.62
930.8
1248.58
1402.55
1765.58
1067.07
2150.32
1504.19
1484.68
1370.05
1623.17
1157.24
1282.7
1874.33
1950.92
1277.04
991.98
1203.55
1460.71
2551.71
983.78
1743.99
1563.48
2113.99
1372.38
1806.22
955.03
1324.0
1387.3
1397.03
1376.82
886.69
1187.86
1414.45
915.88
1734.19
1384.99
1868.03
1587.6
1201.0
1475.44
1109.84
2405.78
1513.8
1687.36
1224.59
1050.71
1609.31
1509.29
1566.47
716.3
1310.48
1938.37
1737.03
1963.89
2314.51
856.88
1311.24
1573.01
1393.79
1260.96
1233.3
671.59
1352.11
1696.73
1766.89
1449.22
753.56
1284.75
1661.74
721.39
1310.26
1397.55
1317.17
1791.74
1374.69
2056.73
1480.29
1470.09
1791.31
458.56
1182.41
1132.28
1687.6
1687.46
622.72
1048.61
1320.69
1658.83
2035.14
1451.98
2087.09
1988.62
1199.47
1658.36
2114.97
1542.05
1563.39
1751.46
1608.99
2029.76
1325.99
1404.4
1360.22
1823.47
1517.98
993.42
1638.81
1935.65
1083.08
1751.55
1479.13
1498.42
1434.02
942.56
937.35
1702.55
1502.05
1682.63
1321.9
1834.1
1526.86
1806.71
816.4
1443.97
912.07
1225.64
1614.57
921.24
802.51
1412.72
708.24
1743.68
1293.84
1014.34
1798.2
969.13
1822.79
1517.86
1306.89
1540.89
1778.31
792.48
1509.35
1056.99
915.44
1237.7
856.06
2238.03
1982.55
1148.53
1671.49
487.2
1380.87
1184.21
1441.49
1358.08
2221.7
1445.25
1298.25
1384.09
1877.59
1825.79
1679.65
1716.43
1032.18
1688.85
1964.98
1539.13
1709.35
1564.72
640.46
1822.3
1362.52
1090.55
1940.27
1967.97
1984.67
1293.94
1626.36
995.07
858.95
1875.53
1669.17
1636.39
616.43
1252.28
1834.93
1150.76
1642.26
1971.32
1670.31
329.42
1759.37
2258.62
1867.89
1151.1
1540.58
1620.91
1761.88
1502.76
1969.18
1460.72
1338.01
911.88
1471.43
1482.25
814.12
1689.34
254.08
1880.94
946.37
1095.54
1414.17
986.16
1878.75
1543.34
1806.05
2206.53
794.5
2087.03
1952.07
1943.16
613.05
1103.92
1716.89
1601.92
1645.43
652.02
1687.81
1871.37
987.6
1151.51
749.76
1567.05
1972.54
1783.3
2099.4
1678.74
1748.68
785.25
1029.69
1766.49
2507.16
1630.03
1660.23
905.01
1767.87
1163.14
2034.18
1350.4
1224.99
1557.72
2171.44
898.91
1752.69
1429.84
1459.56
1589.69
1236.9
1681.09
1534.07
2290.2
735.73
935.28
2387.82
1477.16
905.86
1494.37
1316.1
1515.42
1653.98
1980.33
1487.62
993.81
1742.65
1140.64
1592.19
1214.0
1209.82
1257.25
1182.91
1290.79
1530.41
2258.31
1564.04
1164.59
1697.98
1848.74
1234.7
1142.53
1981.44
1916.3
1862.45
1822.17
1438.8
1891.76
1717.84
2125.79
1600.95
1165.74
1819.56
1372.55
1361.33
1126.94
1480.6
2042.22
1397.32
1683.91
1746.63
712.68
1446.6
944.23
1897.65
2077.1
1637.73
1106.17
847.97
1277.51
1639.79
1397.7
1372.21
1800.9
1813.0
1228.7
1905.48
878.51
1511.73
1128.12
1380.77
1278.79
1093.37
1833.07
1813.54
1348.88
635.31
1266.44
1281.06
1359.1
1543.21
2040.5
1813.64
1519.21
1652.55
1340.32
1639.64
1261.39
1283.04
1528.07
1864.26
999.79
1324.65
1796.45
829.68
1987.83
1356.14
1424.22
1315.86
1736.96
774.16
1830.2
1858.43
1216.64
1689.01
1268.25
972.95
1495.54
747.86
1729.15
2040.96
1849.87
1154.6
1817.12
416.87
1606.98
1583.03
1617.75
1563.86
1235.08
833.05
1645.02
1220.41
1293.44
1782.25
937.99
1804.57
890.37
585.12
1490.29
1667.39
1313.75
1547.09
1419.43
1568.61
1741.1
1504.71
1785.33
1620.27
1137.59
1900.19
1010.69
1624.63
2130.82
712.29
1071.27
1387.44
1833.76
2001.56
1167.4
1861.25
1428.28
1277.96
2173.06
1287.6
1962.57
904.1
1437.55
1657.23
967.94
1783.24
1191.01
1185.92
1884.11
1566.7
1285.16
1878.18
1921.45
1586.36
1631.37
1425.7
1079.3
1278.72
1449.97
1058.0
1887.88
1506.6
1355.79
951.17
1005.63
1576.2
1647.5
1095.54
1339.13
2174.31
2570.39
794.59
1674.52
1741.87
1122.24
454.86
1662.13
1346.83
1223.17
1106.41
751.55
1518.56
1683.99
1631.26
1727.26
1490.34
1243.68
1432.88
1800.08
1043.27
1207.2
1827.21
1258.13
1192.78
813.39
1072.55
1877.24
2131.59
2124.61
2003.83
864.42
1408.83
1261.5
1010.41
1299.48
1817.36
1000.61
1857.58
1369.24
2144.46
1324.05
1377.07
1216.39
1802.83
959.54
1000.97
1227.26
1721.49
1111.34
1162.29
1288.87
1225.78
1524.8
1535.57
1492.58
1805.48
1561.11
1480.49
331.65
465.41
1689.15
1589.27
916.17
2057.32
943.31
1526.09
857.73
1638.88
938.19
2183.95
861.64
1640.49
1489.28
759.38
1914.97
868.49
582.48
1792.95
1424.35
1674.66
1201.71
1913.19
1318.81
672.03
2157.61
2143.46
1271.91
1665.17
1346.45
2119.94
1391.67
1832.66
1221.62
1297.28
842.41
1265.69
1600.03
1629.93
1078.45
1345.09
638.03
976.95
1581.82
1470.89
1741.89
2088.71
1554.09
1042.69
1404.01
1185.26
984.28
1710.85
1019.93
1429.42
1439.55
1190.74
1441.46
1844.64
989.39
983.47
2085.72
1147.9
1932.58
1056.99
882.57
1765.48
1180.83
1702.73
1678.54
1984.22
1189.33
282.22
1956.86
1646.88
1791.94
1530.95
1441.16
1175.19
2301.49
2067.68
1714.72
1804.15
1686.62
993.95
2116.64
1578.16
1624.83
1736.17
1909.25
1667.82
1465.98
2055.27
1950.62
917.47
1780.98
1252.36
1079.43
942.0
1557.89
1946.44
1325.61
751.58
1606.18
1069.06
1446.44
1708.77
1162.46
1214.66
1267.64
1456.45
1304.36
1807.08
1635.18
1143.36
810.06
1647.31
1271.7
1631.59
940.15
1036.97
1053.15
1741.86
1119.15
1269.22
1288.91
2198.08
1692.74
1351.23
1911.25
1010.74
1794.93
1465.47
1228.52
1737.89
1527.74
1375.65
813.54
1630.24
1284.2
1043.4
2151.34
1386.13
1806.99
1126.5
1822.19
1278.18
2299.43
1484.64
2138.37
1738.91
1843.84
1509.17
995.35
1239.45
1083.99
1528.13
1099.77
1300.17
909.16
1704.16
1873.3
1472.01
1157.68
839.19
1479.53
2320.99
1671.7
835.74
1017.45
1043.79
1244.89
1503.89
1962.34
1878.54
1486.13
356.47
1172.52
1676.09
1278.43
1540.5
1020.38
1775.11
1505.41
1487.11
739.91
2551.58
1140.03
1739.59
1799.02
1521.2
2130.49
1593.09
1673.75
1865.71
478.64
1179.69
371.88
1808.78
847.89
1193.69
1557.07
1577.07
846.73
1178.41
1519.41
1834.1
2151.34
426.93
1536.7
1089.92
2222.51
1130.78
1913.03
1757.52
2253.41
1169.38
1580.82
1104.35
1368.4
703.24
1766.07
1150.94
1380.0
1204.57
1814.74
1595.83
1591.47
306.08
1838.61
1819.72
1097.73
1545.85
1040.99
1350.51
1279.96
1261.9
1306.11
1217.2
1286.83
1226.11
925.36
1866.25
1711.3
1440.72
1464.97
1377.81
1569.76
2197.32
1233.08
1598.64
683.04
1457.21
991.23
865.94
1428.91
1012.88
1747.3
1494.47
1047.02
1871.24
1516.37
2238.15
1164.9
1354.35
1219.15
868.93
1245.96
1310.82
1506.92
1799.39
1007.3
1161.36
1259.12
1708.86
779.81
1627.16
1525.26
972.37
1905.26
2033.11
998.99
1357.6
1322.62
1841.14
1763.48
1305.26
1055.93
664.42
1748.0
1404.96
1602.12
1353.4
1136.25
2122.31
1634.47
1503.87
1334.04
1609.99
1520.98
1464.07
1255.07
997.34
1429.29
1313.88
1449.47
1149.12
903.71
1242.76
1369.18
1150.93
1259.74
1506.93
1935.4
1504.11
1058.47
1791.48
1008.06
1501.39
1264.14
1618.02
1449.96
1318.95
1277.2
1667.32
1769.75
993.05
1197.84
1822.52
1858.74
1632.3
1470.49
2072.62
1604.45
1629.12
1673.5
1392.52
1550.95
1736.24
1617.33
1401.21
1270.41
1171.12
1036.45
809.1
1121.19
1806.41
1142.76
1707.73
1765.12
1916.6
1293.99
891.5
1777.89
1957.81
413.26
1606.71
1267.76
1400.78
1531.4
1147.2
1502.98
753.56
600.15
1188.99
1528.03
2043.26
1627.99
1902.45
1352.75
1457.47
1515.34
1974.99
913.6
1650.95
726.84
975.77
1284.15
1383.79
1040.59
1526.0
1282.86
1783.2
1713.8
1579.78
1224.06
1492.34
1660.14
1121.24
1766.24
1840.32
1871.78
1021.12
1038.46
2129.78
955.07
1109.99
873.72
924.67
1559.55
1569.94
1403.68
761.61
984.92
2001.49
1477.87
1266.91
1077.39
2087.48
1503.74
1860.03
1577.78
1353.09
1130.05
802.22
1453.09
798.39
858.74
1689.67
2531.89
1008.65
2498.01
1273.36
1535.56
1091.16
1070.99
1212.32
1110.39
1183.87
1573.87
1191.82
1420.19
1963.01
1126.18
1223.53
1992.56
1563.64
2035.5
1465.83
1197.5
1550.52
1709.31
1282.46
1465.91
1506.12
960.23
608.88
1756.38
1644.68
814.29
1225.63
1281.41
1347.52
1517.28
1264.99
1069.13
1495.28
1667.77
1535.4
1900.22
1903.29
1199.51
1273.78
1689.59
1767.32
1970.61
1825.12
1918.76
1735.72
1596.14
1236.41
1589.55
1329.47
1381.44
1696.03
1471.25
1289.24
1823.05
755.06
1555.78
1428.38
1129.43
1147.82
1914.39
1392.57
1300.41
1516.5
1205.68
1363.59
1005.83
1064.21
1018.12
1493.13
2048.55
1442.39
1069.47
1253.95
1010.32
1074.44
923.5
1547.26
1760.97
1149.12
1180.43
709.79
1974.39
504.29
1174.92
1283.88
1470.29
1388.97
1631.55
1863.05
1059.24
1944.01
1002.55
1355.63
1746.47
1786.66
1364.55
1117.49
1479.97
1405.76
2019.3
1786.68
1339.4
1614.33
2580.06
2263.23
1499.4
1384.78
940.02
1376.41
1142.93
1497.37
1231.81
995.29
700.03
2218.47
1507.56
1140.8
1512.03
1715.6
1278.18
1676.97
1811.22
1022.44
1014.06
1598.42
1490.32
646.74
743.53
549.84
1824.4
1941.2
1485.36
2003.97
1118.15
1777.68
1441.89
1391.77
1544.24
2348.31
1534.68
1525.74
1449.9
931.86
783.83
1853.44
1322.78
1805.19
1431.47
1229.42
1883.29
1778.03
1659.12
2031.73
1780.99
2071.03
1195.51
2048.0
1880.23
1410.25
823.0
682.96
1720.73
1111.85
1794.28
1643.07
1299.03
1298.31
1183.43
1404.53
1508.45
730.73
1371.62
1818.24
1036.38
1812.3
1415.75
1720.5
1446.49
1040.66
1189.47
1385.36
1423.33
1779.13
1331.2
1311.61
1862.26
1514.25
1608.09
1445.64
2035.43
1064.97
1942.61
1549.38
1570.09
880.8
726.3
2006.7
913.19
749.43
1598.38
1393.8
1469.38
1798.05
1518.98
1844.5
1648.26
1660.02
1995.32
1855.12
1574.91
1706.69
1270.67
1818.55
1382.29
1509.11
1412.21
1535.53
1357.67
1400.53
1723.06
1121.66
1962.03
1694.9
763.29
939.49
1858.97
1507.26
1721.51
2118.08
1636.12
1150.0
951.78
1522.68
1277.46
997.28
1999.11
1581.44
2024.07
1285.45
2021.05
1123.32
1492.01
1527.2
1841.23
1986.99
1055.98
770.82
1269.62
1963.49
1225.05
803.31
1802.77
1331.68
1883.17
1406.4
2118.28
1885.52
1544.45
1254.22
1358.59
1655.59
1530.6
1034.82
958.36
1158.1
1605.08
1793.66
940.87
1566.98
1271.51
1634.39
1212.52
2209.85
2242.57
1883.28
1529.71
2111.34
996.22
915.97
629.75
1793.53
1227.31
1215.41
1417.44
1399.65
1791.76
1681.97
1884.28
1762.24
1522.19
1278.17
1831.69
1948.16
1951.8
551.72
1003.06
1457.95
1691.88
1045.38
1476.26
1372.86
1998.07
1243.34
1238.81
1416.09
577.44
1260.16
1272.67
1499.61
1144.49
1154.15
1272.34
1723.59
1182.72
543.81
1243.43
967.64
1610.13
995.08
1818.7
1292.56
1795.37
1823.75
1874.89
1662.22
1955.16
1225.46
1595.05
727.36
947.76
2152.11
1071.05
1299.9
1210.47
1650.88
450.83
1194.18
1416.7
1286.89
1880.88
2153.62
555.49
1607.6
530.21
1354.68
1187.25
1610.23
1313.65
1820.46
1807.21
632.25
271.59
1435.61
1273.91
1313.87
1571.11
1291.87
1713.83
846.95
1602.73
1708.03
941.28
782.69
1038.42
1460.96
1922.38
891.93
1511.96
1529.99
1298.26
793.88
766.23
1487.96
1335.09
1263.33
1130.01
1024.98
1527.71
853.97
1275.62
1752.86
1910.47
1783.53
1550.11
1448.71
845.02
1775.14
1046.35
1486.12
1227.47
1390.52
1009.77
1463.7
1137.66
1753.1
1371.12
1526.67
2044.82
1957.87
1931.88
829.35
1964.86
1251.61
1293.26
1944.36
1618.53
1758.03
1104.18
1197.57
1412.16
1644.34
1222.51
1772.27
1560.3
999.51
1415.18
1579.82
1567.08
1111.41
994.91
838.14
1187.62
2114.09
995.87
2106.01
1353.5
879.87
539.28
1738.23
867.11
1249.79
797.5
751.74
1253.0
1261.38
1530.99
2275.29
877.01
1655.85
893.85
629.35
1560.13
1298.03
783.13
1651.72
1775.74
1458.44
1816.06
1341.75
1175.54
1608.54
1267.22
1198.03
1370.53
1307.48
579.74
837.14
1366.7
939.05
802.15
1293.43
1584.62
1003.21
992.07
1464.32
1019.41
1133.1
1436.57
1716.11
1347.83
1048.04
1334.1
1585.53
1753.79
1387.73
2132.75
1424.89
1618.24
1974.79
1063.01
1727.57
1154.0
1722.03
1445.16
1349.25
1906.67
1303.59
1661.89
2109.32
2156.12
1644.11
1766.3
1287.67
1360.25
1716.41
1553.68
1704.31
1083.52
1740.4
2323.82
1575.38
1878.28
1262.33
979.51
1455.36
1599.19
1632.5
2052.97
703.03
1460.57
793.48
1842.22
1971.71
1243.92
1597.36
971.68
869.93
1362.06
1143.44
1358.07
1528.61
1503.71
1845.63
1560.16
723.56
931.06
1964.56
1101.68
1394.46
1739.38
1902.92
1191.25
789.14
792.19
1690.06
971.09
1870.77
2072.43
1416.12
1227.13
2045.65
925.14
1187.73
1123.71
1030.5
1521.51
918.15
1599.59
1919.85
1342.27
741.61
1199.95
1445.93
1311.95
1094.01
1975.89
907.09
700.44
1214.74
1195.99
2006.41
1693.15
915.36
1730.73
1737.88
1893.45
1433.34
933.8
783.99
1414.97
1523.55
1693.77
466.57
1547.91
1652.12
1700.45
1485.15
1755.18
1206.4
866.71
1946.53
1631.7
1522.37
1445.97
1034.16
1151.48
1239.46
867.12
1860.8
1229.17
1323.42
1302.05
965.85
999.72
1574.01
2311.64
1649.9
782.65
1119.48
1128.66
1444.03
1417.46
1441.59
2146.76
1164.24
1433.1
2139.83
1659.15
1324.2
1677.38
2017.32
1293.67
1387.42
1604.38
1240.0
1265.38
1438.6
897.47
1552.01
998.38
1254.18
1141.21
1489.87
1526.89
1033.16
1175.5
2062.95
866.04
2204.55
1336.04
1411.22
954.13
1651.05
2070.01
1468.21
1208.7
1459.17
1287.27
1066.54
1935.9
1326.29
2134.26
1658.78
1676.07
1121.04
1503.11
1582.04
1650.58
1401.52
1336.59
1786.6
995.06
1699.97
1820.29
1618.77
1632.86
1863.31
1111.8
1552.94
457.95
1320.77
1033.78
1079.39
776.54
1889.23
1400.59
1683.42
1114.7
1684.68
1375.74
145.94
1138.97
1435.99
1864.09
2014.26
1829.15
1381.67
1937.87
1009.78
1795.54
1116.02
1403.43
1179.67
850.23
922.78
1521.85
1458.27
900.28
1452.57
1701.73
1637.36
1594.8
1904.93
1642.32
2011.55
1635.24
1242.61
1596.24
1586.55
1041.18
809.28
1476.58
678.22
1689.17
1763.81
1552.01
1529.15
1235.14
1174.12
1228.26
886.22
1550.54
1907.86
1330.39
1798.75
1392.6
1336.53
1729.51
1028.3
1417.28
1053.91
1606.84
1301.45
1157.5
996.99
1596.87
1831.4
1245.57
1530.86
1214.34
1922.48
865.02
1282.09
1478.7
1259.38
1222.01
1494.43
1273.31
1382.94
1134.7
2191.06
1370.44
1100.23
1981.14
1081.57
1811.1
643.11
1679.45
1851.32
878.97
1184.51
1292.9
307.37
1304.05
1296.9
1082.07
1509.21
1216.42
1742.59
1764.06
1956.81
592.02
1309.66
916.21
1551.96
1504.78
1206.92
2143.11
1806.6
1702.63
1313.38
1537.08
2208.4
1250.87
1660.68
1120.44
1524.05
974.04
1903.22
516.55
1089.12
1357.88
1402.71
1844.69
909.17
1338.8
1985.53
1222.59
1341.72
500.79
1365.61
1547.89
1339.33
1013.0
795.96
1751.98
1341.8
2063.99
1495.98
1720.06
880.5
1828.97
1693.83
1728.07
1375.18
1838.33
1050.78
1280.26
1104.42
1222.39
2313.01
1747.02
1298.1
1223.19
1572.2
870.16
1363.59
818.51
1553.63
1138.9
1433.78
1673.28
1994.48
2173.22
1970.3
331.88
1634.97
1740.62
1432.78
1170.78
1646.69
1624.34
1637.68
1273.14
1986.49
1550.89
1386.43
1678.44
2279.35
1471.08
1230.49
1763.19
1530.43
1371.17
536.0
1964.98
1925.34
1600.05
1358.88
1906.27
663.5
822.99
754.1
2002.26
1144.66
